

##########################################################################################################################

################################################### For binary BoW #######################################################

Optimizing for label: toxic
|   iter    |  target   |   alpha   |  max_df   |  min_df   | ngram_... | ngram_... |
-------------------------------------------------------------------------------------
| 1         | 0.939     | 3.752     | 0.9852    | 3.928     | 2.197     | 1.0       |
| 2         | 0.9418    | 1.568     | 0.7174    | 4.465     | 2.202     | 1.0       |
| 3         | 0.9427    | 0.2156    | 0.991     | 4.33      | 1.425     | 1.0       |
| 4         | 0.9377    | 1.842     | 0.7913    | 3.099     | 1.864     | 1.0       |
| 5         | 0.9012    | 6.122     | 0.7418    | 2.169     | 1.733     | 1.0       |
| 6         | 0.9231    | 7.854     | 0.7599    | 3.057     | 2.185     | 1.0       |
| 7         | 0.9314    | 6.079     | 0.7512    | 1.26      | 2.898     | 1.0       |
| 8         | 0.9221    | 8.086     | 0.7914    | 1.391     | 2.368     | 1.0       |
| 9         | 0.9417    | 1.229     | 0.8486    | 1.138     | 2.819     | 1.0       |
| 10        | 0.9289    | 6.629     | 0.7935    | 3.08      | 2.093     | 1.0       |
| 11        | 0.9412    | 0.8192    | 0.9493    | 3.826     | 2.011     | 1.0       |
| 12        | 0.9409    | 1.38      | 1.0       | 4.416     | 1.0       | 1.0       |
| 13        | 0.938     | 0.2384    | 0.7       | 5.0       | 2.553     | 1.0       |
| 14        | 0.9348    | 0.09572   | 0.7319    | 2.125     | 2.376     | 1.0       |
| 15        | 0.9322    | 2.814     | 1.0       | 5.0       | 1.501     | 1.0       |
| 16        | 0.9411    | 2.436     | 1.0       | 1.791     | 3.0       | 1.0       |
| 17        | 0.9354    | 2.157     | 1.0       | 1.0       | 1.735     | 1.0       |
| 18        | 0.9411    | 2.568     | 1.0       | 3.528     | 3.0       | 1.0       |
| 19        | 0.9324    | 5.803     | 0.9557    | 4.726     | 2.947     | 1.0       |
| 20        | 0.9405    | 3.578     | 0.7       | 2.627     | 3.0       | 1.0       |
| 21        | 0.9373    | 0.07175   | 0.7547    | 3.15      | 1.002     | 1.0       |
| 22        | 0.9405    | 1.428     | 0.7       | 2.605     | 3.0       | 1.0       |
| 23        | 0.9403    | 3.726     | 0.7       | 1.0       | 3.0       | 1.0       |
| 24        | 0.8784    | 10.0      | 0.7       | 5.0       | 1.0       | 1.0       |
| 25        | 0.916     | 10.0      | 1.0       | 1.0       | 3.0       | 1.0       |
| 26        | 0.9251    | 0.01      | 0.7       | 1.0       | 1.0       | 1.0       |
| 27        | 0.9406    | 3.496     | 0.7       | 5.0       | 3.0       | 1.0       |
| 28        | 0.9111    | 5.455     | 0.7       | 5.0       | 1.0       | 1.0       |
| 29        | 0.9319    | 6.626     | 1.0       | 3.278     | 3.0       | 1.0       |
| 30        | 0.9256    | 0.01      | 0.7       | 5.0       | 1.0       | 1.0       |
| 31        | 0.9408    | 1.842     | 1.0       | 5.0       | 3.0       | 1.0       |
| 32        | 0.9264    | 0.01      | 1.0       | 3.734     | 3.0       | 1.0       |
| 33        | 0.9389    | 4.492     | 0.7       | 3.787     | 3.0       | 1.0       |
| 34        | 0.928     | 3.075     | 0.7       | 2.384     | 1.0       | 1.0       |
| 35        | 0.9411    | 2.331     | 0.7       | 1.0       | 3.0       | 1.0       |
| 36        | 0.9361    | 0.1362    | 0.7702    | 1.019     | 2.995     | 1.0       |
| 37        | 0.9408    | 3.333     | 0.7       | 3.99      | 3.0       | 1.0       |
| 38        | 0.9434    | 1.057     | 1.0       | 5.0       | 1.92      | 1.0       |
| 39        | 0.9382    | 4.805     | 1.0       | 1.0       | 3.0       | 1.0       |
| 40        | 0.943     | 0.999     | 1.0       | 3.483     | 1.0       | 1.0       |
| 41        | 0.9391    | 4.404     | 1.0       | 5.0       | 3.0       | 1.0       |
| 42        | 0.9418    | 1.347     | 0.9785    | 1.937     | 2.1       | 1.0       |
| 43        | 0.944     | 0.7417    | 0.7178    | 3.857     | 1.341     | 1.0       |
| 44        | 0.9419    | 1.222     | 0.7164    | 2.313     | 1.03      | 1.0       |
| 45        | 0.9411    | 2.51      | 0.7       | 2.613     | 3.0       | 1.0       |
| 46        | 0.9406    | 1.543     | 0.7       | 1.737     | 3.0       | 1.0       |
| 47        | 0.9435    | 0.9098    | 0.9937    | 4.318     | 1.556     | 1.0       |
| 48        | 0.8729    | 10.0      | 1.0       | 1.0       | 1.0       | 1.0       |
| 49        | 0.9403    | 3.746     | 1.0       | 3.401     | 3.0       | 1.0       |
| 50        | 0.9404    | 3.709     | 1.0       | 1.771     | 3.0       | 1.0       |
| 51        | 0.9291    | 7.321     | 1.0       | 1.0       | 3.0       | 1.0       |
| 52        | 0.9439    | 0.8132    | 1.0       | 2.681     | 1.54      | 1.0       |
| 53        | 0.9398    | 0.9698    | 1.0       | 5.0       | 3.0       | 1.0       |
| 54        | 0.9432    | 0.9834    | 0.7       | 2.545     | 1.798     | 1.0       |
| 55        | 0.9443    | 0.427     | 1.0       | 3.666     | 1.421     | 1.0       |
| 56        | 0.941     | 3.048     | 1.0       | 1.0       | 3.0       | 1.0       |
| 57        | 0.9409    | 1.86      | 0.7       | 4.073     | 3.0       | 1.0       |
| 58        | 0.9417    | 1.294     | 0.7135    | 4.995     | 2.163     | 1.0       |
| 59        | 0.941     | 2.877     | 1.0       | 4.614     | 3.0       | 1.0       |
| 60        | 0.9436    | 0.8712    | 0.7       | 3.096     | 1.339     | 1.0       |
=====================================================================================
Best parameters for label toxic: {'alpha': 0.4270130129826107, 'max_df': 1.0, 'min_df': 3, 'ngram_range': (1, 1)}
Optimizing for label: severe_toxic
|   iter    |  target   |   alpha   |  max_df   |  min_df   | ngram_... | ngram_... |
-------------------------------------------------------------------------------------
| 1         | 0.9333    | 3.752     | 0.9852    | 3.928     | 2.197     | 1.0       |
| 2         | 0.9584    | 1.568     | 0.7174    | 4.465     | 2.202     | 1.0       |
| 3         | 0.966     | 0.2156    | 0.991     | 4.33      | 1.425     | 1.0       |
| 4         | 0.9274    | 1.842     | 0.7913    | 3.099     | 1.864     | 1.0       |
| 5         | 0.8782    | 6.122     | 0.7418    | 2.169     | 1.733     | 1.0       |
| 6         | 0.9016    | 7.854     | 0.7599    | 3.057     | 2.185     | 1.0       |
| 7         | 0.9128    | 6.079     | 0.7512    | 1.26      | 2.898     | 1.0       |
| 8         | 0.9002    | 8.086     | 0.7914    | 1.391     | 2.368     | 1.0       |
| 9         | 0.963     | 1.229     | 0.8486    | 1.138     | 2.819     | 1.0       |
| 10        | 0.9091    | 6.629     | 0.7935    | 3.08      | 2.093     | 1.0       |
| 11        | 0.9597    | 0.01998   | 0.9413    | 4.557     | 2.939     | 1.0       |
| 12        | 0.9549    | 0.01      | 1.0       | 1.0       | 1.645     | 1.0       |
| 13        | 0.956     | 0.01      | 1.0       | 2.308     | 3.0       | 1.0       |
| 14        | 0.942     | 1.271     | 0.7       | 5.0       | 1.0       | 1.0       |
| 15        | 0.9161    | 5.727     | 1.0       | 5.0       | 3.0       | 1.0       |
| 16        | 0.9606    | 0.02515   | 0.8508    | 3.194     | 1.007     | 1.0       |
| 17        | 0.9503    | 2.251     | 1.0       | 5.0       | 3.0       | 1.0       |
| 18        | 0.9427    | 2.915     | 1.0       | 1.0       | 3.0       | 1.0       |
| 19        | 0.8614    | 10.0      | 1.0       | 5.0       | 1.0       | 1.0       |
| 20        | 0.9702    | 0.1223    | 0.8596    | 1.01      | 2.788     | 1.0       |
| 21        | 0.9553    | 0.01      | 0.7       | 3.74      | 2.087     | 1.0       |
| 22        | 0.9551    | 0.01      | 0.7       | 5.0       | 1.0       | 1.0       |
| 23        | 0.97      | 0.6755    | 0.9754    | 4.996     | 2.126     | 1.0       |
| 24        | 0.9672    | 0.9607    | 1.0       | 5.0       | 3.0       | 1.0       |
| 25        | 0.9723    | 0.4322    | 0.9968    | 1.061     | 2.972     | 1.0       |
| 26        | 0.9553    | 0.01      | 1.0       | 5.0       | 2.131     | 1.0       |
| 27        | 0.9668    | 0.9853    | 1.0       | 3.968     | 3.0       | 1.0       |
| 28        | 0.931     | 1.67      | 1.0       | 1.0       | 1.0       | 1.0       |
| 29        | 0.9726    | 0.5484    | 0.7       | 1.0       | 3.0       | 1.0       |
| 30        | 0.9694    | 0.7246    | 0.7078    | 4.689     | 2.546     | 1.0       |
| 31        | 0.9679    | 0.8456    | 1.0       | 4.441     | 2.339     | 1.0       |
| 32        | 0.8914    | 10.0      | 0.7       | 1.0       | 3.0       | 1.0       |
| 33        | 0.9561    | 0.01      | 0.7       | 1.0       | 3.0       | 1.0       |
| 34        | 0.9717    | 0.512     | 0.7       | 1.533     | 2.334     | 1.0       |
| 35        | 0.8859    | 5.11      | 0.7389    | 4.984     | 1.025     | 1.0       |
| 36        | 0.9693    | 0.7335    | 0.939     | 1.0       | 2.514     | 1.0       |
| 37        | 0.9394    | 3.215     | 0.7       | 2.813     | 3.0       | 1.0       |
| 38        | 0.9624    | 1.278     | 0.7182    | 2.481     | 2.971     | 1.0       |
| 39        | 0.955     | 0.01      | 1.0       | 2.207     | 1.885     | 1.0       |
| 40        | 0.9694    | 0.7227    | 0.8194    | 1.783     | 2.992     | 1.0       |
| 41        | 0.8999    | 3.701     | 1.0       | 1.0       | 1.0       | 1.0       |
| 42        | 0.9727    | 0.2957    | 0.9931    | 1.259     | 2.564     | 1.0       |
| 43        | 0.9723    | 0.5748    | 0.7       | 3.231     | 3.0       | 1.0       |
| 44        | 0.9727    | 0.2989    | 0.7       | 1.0       | 2.363     | 1.0       |
| 45        | 0.9687    | 0.774     | 0.9986    | 3.258     | 2.979     | 1.0       |
| 46        | 0.9691    | 0.7573    | 0.705     | 2.354     | 2.627     | 1.0       |
| 47        | 0.9645    | 0.2961    | 0.7185    | 4.087     | 1.012     | 1.0       |
| 48        | 0.9716    | 0.5213    | 0.7011    | 1.101     | 2.646     | 1.0       |
| 49        | 0.9559    | 0.6174    | 0.7       | 2.22      | 1.0       | 1.0       |
| 50        | 0.9625    | 1.278     | 1.0       | 5.0       | 2.336     | 1.0       |
| 51        | 0.973     | 0.4975    | 0.7       | 3.912     | 3.0       | 1.0       |
| 52        | 0.9347    | 3.657     | 0.7       | 5.0       | 3.0       | 1.0       |
| 53        | 0.9718    | 0.1491    | 1.0       | 3.541     | 3.0       | 1.0       |
| 54        | 0.953     | 0.7286    | 1.0       | 3.605     | 1.0       | 1.0       |
| 55        | 0.9547    | 0.6739    | 0.7       | 4.611     | 1.762     | 1.0       |
| 56        | 0.8577    | 10.0      | 0.7       | 1.0       | 1.0       | 1.0       |
| 57        | 0.9549    | 0.01      | 1.0       | 4.108     | 1.0       | 1.0       |
| 58        | 0.9016    | 7.943     | 0.7       | 5.0       | 3.0       | 1.0       |
| 59        | 0.9477    | 2.427     | 0.7887    | 3.995     | 2.8       | 1.0       |
| 60        | 0.9148    | 2.832     | 1.0       | 5.0       | 1.0       | 1.0       |
=====================================================================================
Best parameters for label severe_toxic: {'alpha': 0.4975355206730156, 'max_df': 0.7, 'min_df': 3, 'ngram_range': (1, 3)}
Optimizing for label: obscene
|   iter    |  target   |   alpha   |  max_df   |  min_df   | ngram_... | ngram_... |
-------------------------------------------------------------------------------------
| 1         | 0.9477    | 3.752     | 0.9852    | 3.928     | 2.197     | 1.0       |
| 2         | 0.9581    | 1.568     | 0.7174    | 4.465     | 2.202     | 1.0       |
| 3         | 0.9557    | 0.2156    | 0.991     | 4.33      | 1.425     | 1.0       |
| 4         | 0.9422    | 1.842     | 0.7913    | 3.099     | 1.864     | 1.0       |
| 5         | 0.8959    | 6.122     | 0.7418    | 2.169     | 1.733     | 1.0       |
| 6         | 0.9193    | 7.854     | 0.7599    | 3.057     | 2.185     | 1.0       |
| 7         | 0.9314    | 6.079     | 0.7512    | 1.26      | 2.898     | 1.0       |
| 8         | 0.9177    | 8.086     | 0.7914    | 1.391     | 2.368     | 1.0       |
| 9         | 0.9586    | 1.229     | 0.8486    | 1.138     | 2.819     | 1.0       |
| 10        | 0.9277    | 6.629     | 0.7935    | 3.08      | 2.093     | 1.0       |
| 11        | 0.9568    | 0.4038    | 0.9224    | 4.31      | 2.936     | 1.0       |
| 12        | 0.9399    | 0.01487   | 0.9128    | 2.304     | 3.0       | 1.0       |
| 13        | 0.9558    | 2.611     | 1.0       | 1.0       | 3.0       | 1.0       |
| 14        | 0.9421    | 2.071     | 1.0       | 5.0       | 1.0       | 1.0       |
| 15        | 0.9429    | 1.797     | 1.0       | 1.0       | 1.446     | 1.0       |
| 16        | 0.9547    | 2.518     | 0.9743    | 4.983     | 2.888     | 1.0       |
| 17        | 0.9378    | 5.474     | 1.0       | 5.0       | 3.0       | 1.0       |
| 18        | 0.9587    | 0.8255    | 0.9997    | 4.992     | 2.621     | 1.0       |
| 19        | 0.8742    | 10.0      | 1.0       | 5.0       | 1.0       | 1.0       |
| 20        | 0.9369    | 0.01      | 0.7       | 1.0       | 1.0       | 1.0       |
| 21        | 0.9543    | 2.935     | 0.7       | 2.903     | 3.0       | 1.0       |
| 22        | 0.9374    | 0.01      | 0.7       | 5.0       | 1.0       | 1.0       |
| 23        | 0.909     | 4.723     | 0.7778    | 4.992     | 1.027     | 1.0       |
| 24        | 0.9585    | 1.77      | 1.0       | 3.882     | 3.0       | 1.0       |
| 25        | 0.9443    | 4.54      | 1.0       | 3.158     | 3.0       | 1.0       |
| 26        | 0.937     | 0.01      | 0.7       | 3.135     | 1.0       | 1.0       |
| 27        | 0.9583    | 1.856     | 1.0       | 1.987     | 3.0       | 1.0       |
| 28        | 0.9521    | 3.341     | 0.7       | 4.201     | 3.0       | 1.0       |
| 29        | 0.9078    | 10.0      | 1.0       | 1.0       | 3.0       | 1.0       |
| 30        | 0.9587    | 0.8183    | 1.0       | 4.145     | 2.176     | 1.0       |
| 31        | 0.9583    | 1.859     | 0.7       | 1.0       | 3.0       | 1.0       |
| 32        | 0.9343    | 0.01      | 1.0       | 4.826     | 2.336     | 1.0       |
| 33        | 0.959     | 1.44      | 0.7       | 5.0       | 3.0       | 1.0       |
| 34        | 0.9475    | 4.072     | 0.7       | 1.0       | 3.0       | 1.0       |
| 35        | 0.9524    | 0.9758    | 1.0       | 4.172     | 1.0       | 1.0       |
| 36        | 0.9374    | 0.01      | 1.0       | 1.0       | 3.0       | 1.0       |
| 37        | 0.9251    | 7.264     | 0.7       | 5.0       | 3.0       | 1.0       |
| 38        | 0.959     | 0.9687    | 0.7       | 3.416     | 3.0       | 1.0       |
| 39        | 0.9587    | 1.19      | 0.9964    | 4.306     | 2.859     | 1.0       |
| 40        | 0.9196    | 3.704     | 0.9945    | 1.058     | 1.054     | 1.0       |
| 41        | 0.9518    | 1.175     | 0.7       | 5.0       | 1.832     | 1.0       |
| 42        | 0.9526    | 3.241     | 1.0       | 1.933     | 3.0       | 1.0       |
| 43        | 0.9543    | 2.592     | 1.0       | 4.046     | 2.426     | 1.0       |
| 44        | 0.9578    | 1.659     | 1.0       | 5.0       | 2.427     | 1.0       |
| 45        | 0.9591    | 1.23      | 0.7       | 2.046     | 3.0       | 1.0       |
| 46        | 0.9567    | 2.391     | 0.7       | 1.73      | 3.0       | 1.0       |
| 47        | 0.9588    | 1.635     | 1.0       | 2.927     | 3.0       | 1.0       |
| 48        | 0.9577    | 1.668     | 0.7065    | 1.352     | 2.584     | 1.0       |
| 49        | 0.9579    | 2.02      | 0.7       | 3.352     | 3.0       | 1.0       |
| 50        | 0.9491    | 3.825     | 1.0       | 5.0       | 3.0       | 1.0       |
| 51        | 0.9588    | 0.8146    | 0.7       | 4.709     | 3.0       | 1.0       |
| 52        | 0.9589    | 1.512     | 1.0       | 1.423     | 3.0       | 1.0       |
| 53        | 0.9552    | 2.758     | 1.0       | 3.574     | 3.0       | 1.0       |
| 54        | 0.9591    | 1.061     | 1.0       | 5.0       | 3.0       | 1.0       |
| 55        | 0.9581    | 0.6438    | 0.9734    | 3.645     | 2.974     | 1.0       |
| 56        | 0.9578    | 2.084     | 0.7       | 4.367     | 3.0       | 1.0       |
| 57        | 0.9555    | 0.5913    | 0.7       | 4.022     | 1.657     | 1.0       |
| 58        | 0.9586    | 1.732     | 0.7       | 2.482     | 3.0       | 1.0       |
| 59        | 0.9588    | 1.137     | 1.0       | 4.682     | 2.382     | 1.0       |
| 60        | 0.9588    | 0.8827    | 0.7575    | 4.033     | 2.988     | 1.0       |
=====================================================================================
Best parameters for label obscene: {'alpha': 1.2298381626178778, 'max_df': 0.7, 'min_df': 2, 'ngram_range': (1, 3)}
Optimizing for label: threat
|   iter    |  target   |   alpha   |  max_df   |  min_df   | ngram_... | ngram_... |
-------------------------------------------------------------------------------------
| 1         | 0.8271    | 3.752     | 0.9852    | 3.928     | 2.197     | 1.0       |
| 2         | 0.8811    | 1.568     | 0.7174    | 4.465     | 2.202     | 1.0       |
| 3         | 0.9359    | 0.2156    | 0.991     | 4.33      | 1.425     | 1.0       |
| 4         | 0.8383    | 1.842     | 0.7913    | 3.099     | 1.864     | 1.0       |
| 5         | 0.773     | 6.122     | 0.7418    | 2.169     | 1.733     | 1.0       |
| 6         | 0.7865    | 7.854     | 0.7599    | 3.057     | 2.185     | 1.0       |
| 7         | 0.8       | 6.079     | 0.7512    | 1.26      | 2.898     | 1.0       |
| 8         | 0.7854    | 8.086     | 0.7914    | 1.391     | 2.368     | 1.0       |
| 9         | 0.8959    | 1.229     | 0.8486    | 1.138     | 2.819     | 1.0       |
| 10        | 0.7951    | 6.629     | 0.7935    | 3.08      | 2.093     | 1.0       |
| 11        | 0.9359    | 0.01998   | 0.9413    | 4.557     | 2.939     | 1.0       |
| 12        | 0.9252    | 0.01      | 1.0       | 1.0       | 1.0       | 1.0       |
| 13        | 0.9308    | 0.01      | 1.0       | 1.0       | 3.0       | 1.0       |
| 14        | 0.9251    | 0.01      | 0.7       | 5.0       | 1.0       | 1.0       |
| 15        | 0.94      | 0.02974   | 0.7589    | 3.15      | 2.311     | 1.0       |
| 16        | 0.9363    | 0.02515   | 0.8508    | 3.194     | 1.007     | 1.0       |
| 17        | 0.9308    | 0.01      | 1.0       | 2.734     | 3.0       | 1.0       |
| 18        | 0.925     | 0.01      | 0.7       | 4.141     | 1.955     | 1.0       |
| 19        | 0.9249    | 0.01      | 1.0       | 2.09      | 1.859     | 1.0       |
| 20        | 0.7764    | 9.763     | 0.977     | 4.977     | 2.97      | 1.0       |
| 21        | 0.9282    | 0.01      | 0.7       | 1.0       | 2.127     | 1.0       |
| 22        | 0.8691    | 1.183     | 1.0       | 5.0       | 1.0       | 1.0       |
| 23        | 0.9149    | 0.908     | 1.0       | 5.0       | 3.0       | 1.0       |
| 24        | 0.925     | 0.01      | 1.0       | 3.405     | 1.868     | 1.0       |
| 25        | 0.9274    | 0.6379    | 0.7142    | 3.683     | 2.909     | 1.0       |
| 26        | 0.7532    | 10.0      | 1.0       | 1.0       | 1.0       | 1.0       |
| 27        | 0.9249    | 0.01      | 0.7       | 2.034     | 1.0       | 1.0       |
| 28        | 0.925     | 0.01      | 1.0       | 4.163     | 1.0       | 1.0       |
| 29        | 0.9285    | 0.01      | 1.0       | 5.0       | 2.002     | 1.0       |
| 30        | 0.8537    | 1.432     | 0.7       | 1.0       | 1.0       | 1.0       |
| 31        | 0.8063    | 5.526     | 1.0       | 5.0       | 3.0       | 1.0       |
| 32        | 0.9308    | 0.01      | 0.7       | 1.868     | 3.0       | 1.0       |
| 33        | 0.9308    | 0.01      | 1.0       | 3.724     | 3.0       | 1.0       |
| 34        | 0.9308    | 0.01      | 0.7       | 3.125     | 3.0       | 1.0       |
| 35        | 0.9051    | 0.5388    | 0.7       | 3.543     | 1.0       | 1.0       |
| 36        | 0.8369    | 3.292     | 1.0       | 1.0       | 3.0       | 1.0       |
| 37        | 0.9402    | 0.4194    | 0.7453    | 2.493     | 2.701     | 1.0       |
| 38        | 0.9284    | 0.01      | 0.7       | 2.553     | 2.277     | 1.0       |
| 39        | 0.9108    | 0.9811    | 1.0       | 2.478     | 3.0       | 1.0       |
| 40        | 0.9249    | 0.01      | 1.0       | 2.614     | 1.0       | 1.0       |
| 41        | 0.771     | 6.98      | 0.7       | 5.0       | 1.0       | 1.0       |
| 42        | 0.9308    | 0.01      | 0.7       | 5.0       | 3.0       | 1.0       |
| 43        | 0.936     | 0.4988    | 0.9627    | 1.569     | 2.366     | 1.0       |
| 44        | 0.9314    | 0.5709    | 0.963     | 3.105     | 2.361     | 1.0       |
| 45        | 0.9475    | 0.2711    | 0.9991    | 1.921     | 2.736     | 1.0       |
| 46        | 0.9316    | 0.01356   | 0.9588    | 1.638     | 2.327     | 1.0       |
| 47        | 0.9308    | 0.5878    | 0.8307    | 1.503     | 2.997     | 1.0       |
| 48        | 0.9396    | 0.4363    | 0.934     | 4.624     | 2.525     | 1.0       |
| 49        | 0.9131    | 0.4416    | 0.7017    | 4.904     | 1.684     | 1.0       |
| 50        | 0.9456    | 0.3568    | 1.0       | 2.042     | 3.0       | 1.0       |
| 51        | 0.9392    | 0.4425    | 1.0       | 4.065     | 2.405     | 1.0       |
| 52        | 0.9448    | 0.3702    | 0.7       | 4.399     | 3.0       | 1.0       |
| 53        | 0.9374    | 0.4714    | 0.9912    | 2.196     | 2.539     | 1.0       |
| 54        | 0.9248    | 0.3368    | 1.0       | 1.0       | 1.947     | 1.0       |
| 55        | 0.9504    | 0.1799    | 0.7231    | 3.938     | 2.787     | 1.0       |
| 56        | 0.9421    | 0.03637   | 0.7467    | 4.037     | 2.662     | 1.0       |
| 57        | 0.9464    | 0.287     | 0.7       | 3.579     | 2.502     | 1.0       |
| 58        | 0.9509    | 0.1499    | 0.7029    | 3.993     | 2.89      | 1.0       |
| 59        | 0.9447    | 0.3368    | 0.7       | 4.129     | 2.735     | 1.0       |
| 60        | 0.9509    | 0.1431    | 0.7       | 3.698     | 2.807     | 1.0       |
=====================================================================================
Best parameters for label threat: {'alpha': 0.14313711598103757, 'max_df': 0.7, 'min_df': 3, 'ngram_range': (1, 2)}
Optimizing for label: insult
|   iter    |  target   |   alpha   |  max_df   |  min_df   | ngram_... | ngram_... |
-------------------------------------------------------------------------------------
| 1         | 0.9406    | 3.752     | 0.9852    | 3.928     | 2.197     | 1.0       |
| 2         | 0.9533    | 1.568     | 0.7174    | 4.465     | 2.202     | 1.0       |
| 3         | 0.9533    | 0.2156    | 0.991     | 4.33      | 1.425     | 1.0       |
| 4         | 0.9372    | 1.842     | 0.7913    | 3.099     | 1.864     | 1.0       |
| 5         | 0.8863    | 6.122     | 0.7418    | 2.169     | 1.733     | 1.0       |
| 6         | 0.9081    | 7.854     | 0.7599    | 3.057     | 2.185     | 1.0       |
| 7         | 0.9214    | 6.079     | 0.7512    | 1.26      | 2.898     | 1.0       |
| 8         | 0.9065    | 8.086     | 0.7914    | 1.391     | 2.368     | 1.0       |
| 9         | 0.9544    | 1.229     | 0.8486    | 1.138     | 2.819     | 1.0       |
| 10        | 0.9172    | 6.629     | 0.7935    | 3.08      | 2.093     | 1.0       |
| 11        | 0.9512    | 0.1897    | 0.8948    | 3.64      | 3.0       | 1.0       |
| 12        | 0.9339    | 0.01      | 1.0       | 1.63      | 1.785     | 1.0       |
| 13        | 0.9316    | 0.01      | 0.7       | 5.0       | 2.772     | 1.0       |
| 14        | 0.9423    | 1.644     | 1.0       | 5.0       | 1.0       | 1.0       |
| 15        | 0.95      | 2.667     | 1.0       | 1.0       | 3.0       | 1.0       |
| 16        | 0.949     | 2.518     | 0.9743    | 4.983     | 2.888     | 1.0       |
| 17        | 0.9283    | 5.492     | 1.0       | 5.0       | 3.0       | 1.0       |
| 18        | 0.9552    | 1.185     | 1.0       | 2.464     | 3.0       | 1.0       |
| 19        | 0.863     | 10.0      | 1.0       | 5.0       | 1.0       | 1.0       |
| 20        | 0.9501    | 2.658     | 0.7       | 3.344     | 3.0       | 1.0       |
| 21        | 0.9353    | 0.01669   | 0.7427    | 1.262     | 2.965     | 1.0       |
| 22        | 0.9385    | 1.745     | 0.7593    | 1.004     | 1.0       | 1.0       |
| 23        | 0.9341    | 0.01      | 0.7       | 3.333     | 1.0       | 1.0       |
| 24        | 0.9549    | 1.419     | 1.0       | 3.889     | 3.0       | 1.0       |
| 25        | 0.9103    | 4.259     | 0.7       | 5.0       | 1.0       | 1.0       |
| 26        | 0.9412    | 3.939     | 1.0       | 2.547     | 3.0       | 1.0       |
| 27        | 0.9532    | 2.012     | 0.7       | 1.812     | 3.0       | 1.0       |
| 28        | 0.9344    | 0.01      | 0.7       | 5.0       | 1.0       | 1.0       |
| 29        | 0.9546    | 0.7161    | 1.0       | 3.889     | 2.147     | 1.0       |
| 30        | 0.8958    | 10.0      | 1.0       | 1.0       | 3.0       | 1.0       |
| 31        | 0.9523    | 1.882     | 1.0       | 1.0       | 2.286     | 1.0       |
| 32        | 0.9433    | 3.66      | 0.7       | 4.289     | 3.0       | 1.0       |
| 33        | 0.9542    | 1.231     | 1.0       | 5.0       | 2.168     | 1.0       |
| 34        | 0.9541    | 1.732     | 1.0       | 1.0       | 3.0       | 1.0       |
| 35        | 0.9509    | 2.156     | 1.0       | 4.297     | 2.403     | 1.0       |
| 36        | 0.9489    | 0.9612    | 1.0       | 4.438     | 1.619     | 1.0       |
| 37        | 0.954     | 1.34      | 0.9881    | 4.868     | 2.946     | 1.0       |
| 38        | 0.9319    | 0.01      | 1.0       | 3.763     | 2.074     | 1.0       |
| 39        | 0.9148    | 3.507     | 1.0       | 1.0       | 1.0       | 1.0       |
| 40        | 0.9553    | 0.8922    | 0.7       | 3.25      | 3.0       | 1.0       |
| 41        | 0.9134    | 7.361     | 0.7       | 5.0       | 3.0       | 1.0       |
| 42        | 0.9399    | 4.088     | 0.7       | 1.0       | 3.0       | 1.0       |
| 43        | 0.9498    | 2.703     | 1.0       | 2.319     | 3.0       | 1.0       |
| 44        | 0.9339    | 0.01      | 0.7       | 1.0       | 1.0       | 1.0       |
| 45        | 0.9546    | 0.7553    | 0.9807    | 4.281     | 2.853     | 1.0       |
| 46        | 0.954     | 1.396     | 0.9205    | 1.826     | 2.27      | 1.0       |
| 47        | 0.933     | 2.364     | 0.7       | 5.0       | 1.978     | 1.0       |
| 48        | 0.9546    | 1.059     | 0.7481    | 1.021     | 2.062     | 1.0       |
| 49        | 0.9532    | 2.016     | 0.7       | 4.386     | 3.0       | 1.0       |
| 50        | 0.9537    | 0.3965    | 1.0       | 2.671     | 3.0       | 1.0       |
| 51        | 0.9327    | 4.989     | 1.0       | 3.575     | 3.0       | 1.0       |
| 52        | 0.9489    | 2.867     | 1.0       | 3.991     | 3.0       | 1.0       |
| 53        | 0.9542    | 1.252     | 1.0       | 4.254     | 2.474     | 1.0       |
| 54        | 0.9551    | 0.7611    | 1.0       | 3.468     | 3.0       | 1.0       |
| 55        | 0.9526    | 0.5946    | 1.0       | 4.031     | 1.0       | 1.0       |
| 56        | 0.9552    | 0.9069    | 0.7       | 2.003     | 3.0       | 1.0       |
| 57        | 0.9552    | 0.9274    | 0.7       | 4.006     | 3.0       | 1.0       |
| 58        | 0.9549    | 1.411     | 1.0       | 1.707     | 3.0       | 1.0       |
| 59        | 0.9534    | 1.573     | 0.7       | 1.293     | 2.463     | 1.0       |
| 60        | 0.9546    | 0.8662    | 0.7       | 2.532     | 2.436     | 1.0       |
=====================================================================================
Best parameters for label insult: {'alpha': 0.8921676778066149, 'max_df': 0.7, 'min_df': 3, 'ngram_range': (1, 3)}
Optimizing for label: identity_hate
|   iter    |  target   |   alpha   |  max_df   |  min_df   | ngram_... | ngram_... |
-------------------------------------------------------------------------------------
| 1         | 0.867     | 3.752     | 0.9852    | 3.928     | 2.197     | 1.0       |
| 2         | 0.9163    | 1.568     | 0.7174    | 4.465     | 2.202     | 1.0       |
| 3         | 0.9454    | 0.2156    | 0.991     | 4.33      | 1.425     | 1.0       |
| 4         | 0.8803    | 1.842     | 0.7913    | 3.099     | 1.864     | 1.0       |
| 5         | 0.8131    | 6.122     | 0.7418    | 2.169     | 1.733     | 1.0       |
| 6         | 0.8244    | 7.854     | 0.7599    | 3.057     | 2.185     | 1.0       |
| 7         | 0.839     | 6.079     | 0.7512    | 1.26      | 2.898     | 1.0       |
| 8         | 0.8231    | 8.086     | 0.7914    | 1.391     | 2.368     | 1.0       |
| 9         | 0.9267    | 1.229     | 0.8486    | 1.138     | 2.819     | 1.0       |
| 10        | 0.8337    | 6.629     | 0.7935    | 3.08      | 2.093     | 1.0       |
| 11        | 0.9242    | 0.01998   | 0.9413    | 4.557     | 2.939     | 1.0       |
| 12        | 0.9116    | 0.01      | 1.0       | 1.0       | 1.0       | 1.0       |
| 13        | 0.9118    | 0.01      | 0.7       | 5.0       | 1.0       | 1.0       |
| 14        | 0.919     | 0.01341   | 0.9156    | 2.677     | 2.653     | 1.0       |
| 15        | 0.9394    | 0.06472   | 0.726     | 3.279     | 1.131     | 1.0       |
| 16        | 0.7946    | 10.0      | 1.0       | 5.0       | 1.0       | 1.0       |
| 17        | 0.9224    | 0.01733   | 0.942     | 1.112     | 2.756     | 1.0       |
| 18        | 0.9114    | 0.01      | 1.0       | 3.805     | 1.858     | 1.0       |
| 19        | 0.9023    | 1.225     | 1.0       | 4.469     | 1.0       | 1.0       |
| 20        | 0.8752    | 2.013     | 0.7       | 1.0       | 1.0       | 1.0       |
| 21        | 0.8817    | 2.988     | 1.0       | 1.0       | 3.0       | 1.0       |
| 22        | 0.9338    | 1.064     | 0.7       | 5.0       | 3.0       | 1.0       |
| 23        | 0.9114    | 0.01      | 0.7       | 2.221     | 1.0       | 1.0       |
| 24        | 0.9464    | 0.5479    | 1.0       | 5.0       | 2.103     | 1.0       |
| 25        | 0.8437    | 5.637     | 0.7       | 5.0       | 3.0       | 1.0       |
| 26        | 0.9358    | 0.9984    | 0.7       | 2.265     | 3.0       | 1.0       |
| 27        | 0.8938    | 2.465     | 1.0       | 5.0       | 3.0       | 1.0       |
| 28        | 0.9353    | 1.011     | 0.7       | 3.701     | 3.0       | 1.0       |
| 29        | 0.7903    | 10.0      | 1.0       | 1.0       | 1.0       | 1.0       |
| 30        | 0.9409    | 0.3673    | 0.7       | 3.919     | 1.0       | 1.0       |
| 31        | 0.9114    | 0.01      | 1.0       | 3.878     | 1.0       | 1.0       |
| 32        | 0.9334    | 0.5477    | 0.7       | 4.465     | 1.827     | 1.0       |
| 33        | 0.9228    | 0.7868    | 0.7       | 3.05      | 1.0       | 1.0       |
| 34        | 0.8309    | 4.81      | 1.0       | 5.0       | 1.0       | 1.0       |
| 35        | 0.9458    | 0.5689    | 0.7605    | 1.751     | 2.18      | 1.0       |
| 36        | 0.9255    | 0.7216    | 0.985     | 1.031     | 1.774     | 1.0       |
| 37        | 0.9067    | 1.974     | 1.0       | 3.496     | 3.0       | 1.0       |
| 38        | 0.9331    | 0.5565    | 0.7       | 2.675     | 1.958     | 1.0       |
| 39        | 0.9307    | 0.03466   | 0.933     | 4.905     | 1.919     | 1.0       |
| 40        | 0.936     | 0.9915    | 1.0       | 4.417     | 3.0       | 1.0       |
| 41        | 0.9483    | 0.4517    | 0.714     | 1.765     | 2.948     | 1.0       |
| 42        | 0.9428    | 0.6846    | 1.0       | 1.829     | 2.681     | 1.0       |
| 43        | 0.9336    | 0.6188    | 1.0       | 5.0       | 1.49      | 1.0       |
| 44        | 0.9152    | 0.01      | 0.7       | 1.836     | 2.265     | 1.0       |
| 45        | 0.8334    | 4.171     | 1.0       | 1.0       | 1.0       | 1.0       |
| 46        | 0.9079    | 1.094     | 0.7197    | 1.783     | 1.841     | 1.0       |
| 47        | 0.8222    | 8.29      | 1.0       | 5.0       | 3.0       | 1.0       |
| 48        | 0.9428    | 0.6856    | 0.7182    | 1.014     | 2.545     | 1.0       |
| 49        | 0.9449    | 0.6893    | 1.0       | 3.064     | 3.0       | 1.0       |
| 50        | 0.9502    | 0.4778    | 1.0       | 5.0       | 3.0       | 1.0       |
| 51        | 0.9255    | 0.7269    | 1.0       | 3.855     | 1.56      | 1.0       |
| 52        | 0.9499    | 0.4905    | 0.7       | 2.802     | 3.0       | 1.0       |
| 53        | 0.9341    | 0.9945    | 1.0       | 5.0       | 2.545     | 1.0       |
| 54        | 0.9454    | 0.5884    | 0.7       | 2.234     | 2.619     | 1.0       |
| 55        | 0.9428    | 0.6852    | 0.709     | 1.454     | 2.92      | 1.0       |
| 56        | 0.9501    | 0.4797    | 1.0       | 2.361     | 3.0       | 1.0       |
| 57        | 0.9514    | 0.3935    | 0.7       | 2.289     | 3.0       | 1.0       |
| 58        | 0.9458    | 0.6542    | 1.0       | 1.0       | 3.0       | 1.0       |
| 59        | 0.9486    | 0.1697    | 0.7165    | 4.968     | 2.915     | 1.0       |
| 60        | 0.9454    | 0.5873    | 0.7114    | 4.874     | 2.939     | 1.0       |
=====================================================================================
Best parameters for label identity_hate: {'alpha': 0.3935245328516555, 'max_df': 0.7, 'min_df': 2, 'ngram_range': (1, 3)}

##########################################################################################################################




##########################################################################################################################

################################################# For normal BoW #########################################################

Optimizing for label: toxic
|   iter    |  target   |   alpha   |  max_df   |  min_df   | ngram_... | ngram_... |
-------------------------------------------------------------------------------------
| 1         | 0.9204    | 3.752     | 0.9852    | 3.928     | 2.197     | 1.0       |
| 2         | 0.9256    | 1.568     | 0.7174    | 4.465     | 2.202     | 1.0       |
| 3         | 0.9245    | 0.2156    | 0.991     | 4.33      | 1.425     | 1.0       |
| 4         | 0.9239    | 1.842     | 0.7913    | 3.099     | 1.864     | 1.0       |
| 5         | 0.9013    | 6.122     | 0.7418    | 2.169     | 1.733     | 1.0       |
| 6         | 0.9084    | 7.854     | 0.7599    | 3.057     | 2.185     | 1.0       |
| 7         | 0.9028    | 6.079     | 0.7512    | 1.26      | 2.898     | 1.0       |
| 8         | 0.8971    | 8.086     | 0.7914    | 1.391     | 2.368     | 1.0       |
| 9         | 0.9115    | 1.229     | 0.8486    | 1.138     | 2.819     | 1.0       |
| 10        | 0.9123    | 6.629     | 0.7935    | 3.08      | 2.093     | 1.0       |
| 11        | 0.9186    | 6.128     | 0.7       | 5.0       | 3.0       | 1.0       |
| 12        | 0.9235    | 2.295     | 1.0       | 5.0       | 1.0       | 1.0       |
| 13        | 0.9141    | 0.01      | 1.0       | 5.0       | 3.0       | 1.0       |
| 14        | 0.9103    | 0.01      | 0.7       | 2.573     | 1.0       | 1.0       |
| 15        | 0.9056    | 5.996     | 1.0       | 5.0       | 1.0       | 1.0       |
| 16        | 0.9276    | 0.915     | 0.7       | 5.0       | 1.0       | 1.0       |
| 17        | 0.9061    | 10.0      | 1.0       | 5.0       | 3.0       | 1.0       |
| 18        | 0.9257    | 1.47      | 1.0       | 4.047     | 1.0       | 1.0       |
| 19        | 0.9212    | 2.499     | 1.0       | 3.574     | 3.0       | 1.0       |
| 20        | 0.9261    | 3.329     | 0.7       | 5.0       | 3.0       | 1.0       |
| 21        | 0.9234    | 4.44      | 0.7       | 5.0       | 3.0       | 1.0       |
| 22        | 0.9265    | 1.158     | 0.9929    | 4.979     | 1.602     | 1.0       |
| 23        | 0.9264    | 2.54      | 1.0       | 5.0       | 2.343     | 1.0       |
| 24        | 0.926     | 0.3482    | 0.9262    | 4.991     | 1.07      | 1.0       |
| 25        | 0.9221    | 2.305     | 0.7       | 4.255     | 1.72      | 1.0       |
| 26        | 0.9282    | 2.062     | 1.0       | 5.0       | 3.0       | 1.0       |
| 27        | 0.9179    | 2.731     | 1.0       | 1.0       | 1.0       | 1.0       |
| 28        | 0.9203    | 2.528     | 1.0       | 2.7       | 1.0       | 1.0       |
| 29        | 0.9157    | 4.975     | 0.7       | 3.704     | 3.0       | 1.0       |
| 30        | 0.9243    | 2.819     | 0.9974    | 4.999     | 2.964     | 1.0       |
| 31        | 0.9285    | 1.566     | 0.7       | 5.0       | 3.0       | 1.0       |
| 32        | 0.9172    | 3.667     | 0.7       | 5.0       | 1.895     | 1.0       |
| 33        | 0.9271    | 1.998     | 0.7       | 5.0       | 2.549     | 1.0       |
| 34        | 0.9231    | 0.9751    | 0.9159    | 3.529     | 2.979     | 1.0       |
| 35        | 0.9255    | 1.528     | 1.0       | 4.512     | 3.0       | 1.0       |
| 36        | 0.8947    | 3.414     | 1.0       | 1.0       | 3.0       | 1.0       |
| 37        | 0.8878    | 10.0      | 0.7       | 5.0       | 1.0       | 1.0       |
| 38        | 0.9242    | 1.256     | 1.0       | 1.0       | 1.0       | 1.0       |
| 39        | 0.9227    | 1.684     | 0.7       | 1.857     | 1.0       | 1.0       |
| 40        | 0.9272    | 0.7308    | 0.7       | 4.295     | 1.0       | 1.0       |
| 41        | 0.9265    | 1.034     | 1.0       | 3.683     | 1.821     | 1.0       |
| 42        | 0.9137    | 7.665     | 0.7       | 5.0       | 3.0       | 1.0       |
| 43        | 0.9273    | 1.541     | 1.0       | 5.0       | 2.625     | 1.0       |
| 44        | 0.927     | 0.9398    | 1.0       | 4.664     | 1.0       | 1.0       |
| 45        | 0.9272    | 0.8156    | 0.7125    | 4.376     | 1.74      | 1.0       |
| 46        | 0.9225    | 3.6       | 0.7       | 4.321     | 3.0       | 1.0       |
| 47        | 0.9249    | 1.937     | 1.0       | 5.0       | 1.85      | 1.0       |
| 48        | 0.9282    | 2.054     | 0.7       | 5.0       | 3.0       | 1.0       |
| 49        | 0.9234    | 1.196     | 0.7       | 3.64      | 2.22      | 1.0       |
| 50        | 0.9028    | 0.01      | 1.0       | 2.47      | 3.0       | 1.0       |
| 51        | 0.9258    | 1.328     | 0.9923    | 3.213     | 1.104     | 1.0       |
| 52        | 0.8826    | 10.0      | 1.0       | 1.0       | 1.0       | 1.0       |
| 53        | 0.9269    | 0.9862    | 1.0       | 4.165     | 1.437     | 1.0       |
| 54        | 0.9271    | 0.6088    | 0.7356    | 4.997     | 1.7       | 1.0       |
| 55        | 0.9248    | 1.531     | 1.0       | 2.355     | 1.698     | 1.0       |
| 56        | 0.9271    | 0.8468    | 0.7357    | 4.618     | 1.353     | 1.0       |
| 57        | 0.9251    | 1.019     | 0.7194    | 4.978     | 2.511     | 1.0       |
| 58        | 0.9252    | 1.052     | 0.9998    | 4.32      | 2.104     | 1.0       |
| 59        | 0.9285    | 1.686     | 1.0       | 5.0       | 3.0       | 1.0       |
| 60        | 0.9268    | 0.6307    | 0.9992    | 3.717     | 1.171     | 1.0       |
=====================================================================================
Best parameters for label toxic: {'alpha': 1.5661036084959452, 'max_df': 0.7, 'min_df': 5, 'ngram_range': (1, 3)}
Optimizing for label: severe_toxic
|   iter    |  target   |   alpha   |  max_df   |  min_df   | ngram_... | ngram_... |
-------------------------------------------------------------------------------------
| 1         | 0.9413    | 3.752     | 0.9852    | 3.928     | 2.197     | 1.0       |
| 2         | 0.9502    | 1.568     | 0.7174    | 4.465     | 2.202     | 1.0       |
| 3         | 0.9523    | 0.2156    | 0.991     | 4.33      | 1.425     | 1.0       |
| 4         | 0.9433    | 1.842     | 0.7913    | 3.099     | 1.864     | 1.0       |
| 5         | 0.9136    | 6.122     | 0.7418    | 2.169     | 1.733     | 1.0       |
| 6         | 0.9262    | 7.854     | 0.7599    | 3.057     | 2.185     | 1.0       |
| 7         | 0.928     | 6.079     | 0.7512    | 1.26      | 2.898     | 1.0       |
| 8         | 0.9221    | 8.086     | 0.7914    | 1.391     | 2.368     | 1.0       |
| 9         | 0.9429    | 1.229     | 0.8486    | 1.138     | 2.819     | 1.0       |
| 10        | 0.9301    | 6.629     | 0.7935    | 3.08      | 2.093     | 1.0       |
| 11        | 0.9276    | 0.01097   | 0.9763    | 4.291     | 2.928     | 1.0       |
| 12        | 0.948     | 1.297     | 1.0       | 4.65      | 1.0       | 1.0       |
| 13        | 0.9525    | 0.2501    | 0.7       | 3.231     | 1.0       | 1.0       |
| 14        | 0.936     | 0.01484   | 0.8082    | 1.518     | 1.058     | 1.0       |
| 15        | 0.9392    | 2.736     | 0.7       | 5.0       | 1.671     | 1.0       |
| 16        | 0.9346    | 5.688     | 1.0       | 5.0       | 3.0       | 1.0       |
| 17        | 0.936     | 0.01      | 0.7       | 5.0       | 1.0       | 1.0       |
| 18        | 0.9507    | 0.8857    | 1.0       | 3.739     | 1.412     | 1.0       |
| 19        | 0.9355    | 0.01      | 0.7       | 3.373     | 1.725     | 1.0       |
| 20        | 0.9525    | 0.5481    | 0.7       | 3.991     | 1.0       | 1.0       |
| 21        | 0.9457    | 2.555     | 0.9995    | 3.95      | 2.985     | 1.0       |
| 22        | 0.9293    | 2.87      | 1.0       | 1.974     | 3.0       | 1.0       |
| 23        | 0.9491    | 1.074     | 1.0       | 2.741     | 1.0       | 1.0       |
| 24        | 0.9408    | 2.157     | 1.0       | 3.734     | 1.0       | 1.0       |
| 25        | 0.9001    | 10.0      | 1.0       | 5.0       | 1.0       | 1.0       |
| 26        | 0.9397    | 2.129     | 0.7       | 1.0       | 1.0       | 1.0       |
| 27        | 0.9487    | 2.058     | 0.7       | 5.0       | 3.0       | 1.0       |
| 28        | 0.9224    | 5.356     | 0.7       | 5.0       | 1.0       | 1.0       |
| 29        | 0.895     | 10.0      | 1.0       | 1.0       | 1.0       | 1.0       |
| 30        | 0.9426    | 3.653     | 0.7       | 5.0       | 3.0       | 1.0       |
| 31        | 0.9523    | 1.029     | 1.0       | 5.0       | 2.047     | 1.0       |
| 32        | 0.9275    | 7.633     | 0.7       | 5.0       | 3.0       | 1.0       |
| 33        | 0.9504    | 1.855     | 1.0       | 5.0       | 2.287     | 1.0       |
| 34        | 0.9078    | 0.01      | 1.0       | 1.0       | 3.0       | 1.0       |
| 35        | 0.9355    | 0.01      | 1.0       | 3.747     | 1.0       | 1.0       |
| 36        | 0.9517    | 0.7517    | 0.7       | 4.483     | 1.628     | 1.0       |
| 37        | 0.9274    | 3.868     | 0.7       | 1.0       | 1.0       | 1.0       |
| 38        | 0.9414    | 2.039     | 0.7       | 1.0       | 2.277     | 1.0       |
| 39        | 0.9357    | 4.728     | 0.7       | 3.522     | 3.0       | 1.0       |
| 40        | 0.9523    | 0.4757    | 0.7       | 2.53      | 1.0       | 1.0       |
| 41        | 0.95      | 0.9952    | 0.7       | 3.317     | 1.0       | 1.0       |
| 42        | 0.946     | 1.334     | 0.7595    | 1.855     | 1.726     | 1.0       |
| 43        | 0.9416    | 1.416     | 0.7       | 2.619     | 3.0       | 1.0       |
| 44        | 0.9503    | 1.541     | 0.9279    | 4.112     | 2.993     | 1.0       |
| 45        | 0.9511    | 1.14      | 0.7165    | 4.967     | 2.972     | 1.0       |
| 46        | 0.9309    | 3.459     | 0.7       | 2.981     | 1.0       | 1.0       |
| 47        | 0.919     | 10.0      | 0.7       | 3.158     | 3.0       | 1.0       |
| 48        | 0.9441    | 0.1442    | 0.9995    | 4.953     | 2.014     | 1.0       |
| 49        | 0.9479    | 1.073     | 0.982     | 1.052     | 1.084     | 1.0       |
| 50        | 0.9512    | 1.049     | 1.0       | 4.379     | 2.312     | 1.0       |
| 51        | 0.9504    | 1.511     | 1.0       | 5.0       | 3.0       | 1.0       |
| 52        | 0.9522    | 0.6645    | 1.0       | 4.497     | 1.304     | 1.0       |
| 53        | 0.9481    | 1.215     | 0.7957    | 2.017     | 1.019     | 1.0       |
| 54        | 0.9254    | 4.391     | 1.0       | 1.0       | 3.0       | 1.0       |
| 55        | 0.9117    | 7.301     | 1.0       | 5.0       | 1.0       | 1.0       |
| 56        | 0.9516    | 0.6641    | 0.7       | 2.965     | 1.312     | 1.0       |
| 57        | 0.9289    | 6.542     | 1.0       | 3.623     | 3.0       | 1.0       |
| 58        | 0.9475    | 1.362     | 0.9955    | 4.43      | 1.685     | 1.0       |
| 59        | 0.9527    | 0.5379    | 0.7       | 4.011     | 1.504     | 1.0       |
| 60        | 0.9507    | 1.358     | 0.7207    | 4.741     | 2.592     | 1.0       |
=====================================================================================
Best parameters for label severe_toxic: {'alpha': 0.537899295687526, 'max_df': 0.7, 'min_df': 4, 'ngram_range': (1, 1)}
Optimizing for label: obscene
|   iter    |  target   |   alpha   |  max_df   |  min_df   | ngram_... | ngram_... |
-------------------------------------------------------------------------------------
| 1         | 0.9325    | 3.752     | 0.9852    | 3.928     | 2.197     | 1.0       |
| 2         | 0.9408    | 1.568     | 0.7174    | 4.465     | 2.202     | 1.0       |
| 3         | 0.9405    | 0.2156    | 0.991     | 4.33      | 1.425     | 1.0       |
| 4         | 0.9353    | 1.842     | 0.7913    | 3.099     | 1.864     | 1.0       |
| 5         | 0.9067    | 6.122     | 0.7418    | 2.169     | 1.733     | 1.0       |
| 6         | 0.916     | 7.854     | 0.7599    | 3.057     | 2.185     | 1.0       |
| 7         | 0.9158    | 6.079     | 0.7512    | 1.26      | 2.898     | 1.0       |
| 8         | 0.9088    | 8.086     | 0.7914    | 1.391     | 2.368     | 1.0       |
| 9         | 0.9292    | 1.229     | 0.8486    | 1.138     | 2.819     | 1.0       |
| 10        | 0.9207    | 6.629     | 0.7935    | 3.08      | 2.093     | 1.0       |
| 11        | 0.9197    | 0.01      | 1.0       | 5.0       | 3.0       | 1.0       |
| 12        | 0.9377    | 1.798     | 1.0       | 5.0       | 1.0       | 1.0       |
| 13        | 0.9229    | 0.01      | 0.7       | 2.705     | 1.0       | 1.0       |
| 14        | 0.938     | 2.722     | 0.7005    | 4.987     | 2.657     | 1.0       |
| 15        | 0.9269    | 5.605     | 0.7       | 5.0       | 3.0       | 1.0       |
| 16        | 0.9427    | 0.4519    | 0.7       | 5.0       | 1.0       | 1.0       |
| 17        | 0.8932    | 10.0      | 1.0       | 5.0       | 1.0       | 1.0       |
| 18        | 0.9341    | 2.428     | 1.0       | 3.465     | 3.0       | 1.0       |
| 19        | 0.92      | 4.513     | 1.0       | 5.0       | 1.0       | 1.0       |
| 20        | 0.9138    | 3.22      | 0.7       | 1.0       | 3.0       | 1.0       |
| 21        | 0.9412    | 0.9521    | 0.7002    | 4.271     | 1.056     | 1.0       |
| 22        | 0.9402    | 1.158     | 0.9929    | 4.979     | 1.602     | 1.0       |
| 23        | 0.9238    | 0.01      | 1.0       | 5.0       | 1.0       | 1.0       |
| 24        | 0.9379    | 0.6461    | 0.7       | 3.651     | 2.271     | 1.0       |
| 25        | 0.9302    | 2.595     | 0.7       | 4.188     | 1.597     | 1.0       |
| 26        | 0.9099    | 0.01      | 1.0       | 2.321     | 3.0       | 1.0       |
| 27        | 0.9342    | 3.88      | 0.7       | 5.0       | 3.0       | 1.0       |
| 28        | 0.9422    | 0.6419    | 0.7       | 4.513     | 1.805     | 1.0       |
| 29        | 0.9343    | 1.766     | 1.0       | 1.0       | 1.0       | 1.0       |
| 30        | 0.9272    | 2.897     | 1.0       | 2.159     | 1.0       | 1.0       |
| 31        | 0.9408    | 1.785     | 1.0       | 5.0       | 3.0       | 1.0       |
| 32        | 0.8885    | 10.0      | 1.0       | 1.0       | 1.0       | 1.0       |
| 33        | 0.9192    | 7.539     | 1.0       | 5.0       | 3.0       | 1.0       |
| 34        | 0.9385    | 0.2177    | 1.0       | 1.0       | 1.0       | 1.0       |
| 35        | 0.9259    | 4.757     | 1.0       | 3.488     | 3.0       | 1.0       |
| 36        | 0.9409    | 1.477     | 0.977     | 4.199     | 2.994     | 1.0       |
| 37        | 0.9079    | 6.698     | 0.7       | 5.0       | 1.0       | 1.0       |
| 38        | 0.9384    | 1.126     | 0.7042    | 1.025     | 1.582     | 1.0       |
| 39        | 0.9386    | 1.278     | 1.0       | 2.002     | 1.0       | 1.0       |
| 40        | 0.9402    | 1.162     | 0.7282    | 4.963     | 1.057     | 1.0       |
| 41        | 0.9406    | 1.014     | 1.0       | 3.84      | 1.724     | 1.0       |
| 42        | 0.9385    | 2.218     | 0.7       | 4.385     | 3.0       | 1.0       |
| 43        | 0.9406    | 2.121     | 1.0       | 5.0       | 2.109     | 1.0       |
| 44        | 0.9351    | 1.65      | 1.0       | 1.908     | 1.897     | 1.0       |
| 45        | 0.9417    | 0.3261    | 0.7082    | 4.045     | 1.384     | 1.0       |
| 46        | 0.9391    | 0.9873    | 0.7062    | 1.181     | 1.006     | 1.0       |
| 47        | 0.9371    | 1.596     | 1.0       | 3.107     | 1.0       | 1.0       |
| 48        | 0.9357    | 3.111     | 1.0       | 4.475     | 3.0       | 1.0       |
| 49        | 0.9403    | 1.854     | 1.0       | 4.172     | 2.466     | 1.0       |
| 50        | 0.9218    | 0.01      | 0.7       | 1.0       | 1.841     | 1.0       |
| 51        | 0.9423    | 0.5325    | 0.7166    | 4.49      | 1.206     | 1.0       |
| 52        | 0.941     | 1.335     | 0.7211    | 4.977     | 2.485     | 1.0       |
| 53        | 0.9408    | 0.9632    | 1.0       | 4.351     | 2.357     | 1.0       |
| 54        | 0.9359    | 1.466     | 0.7       | 3.345     | 3.0       | 1.0       |
| 55        | 0.9418    | 0.6577    | 1.0       | 3.781     | 1.0       | 1.0       |
| 56        | 0.9422    | 0.5464    | 0.9781    | 4.013     | 1.678     | 1.0       |
| 57        | 0.9278    | 3.3       | 1.0       | 5.0       | 1.986     | 1.0       |
| 58        | 0.9422    | 0.6097    | 0.713     | 4.999     | 1.427     | 1.0       |
| 59        | 0.9395    | 0.8865    | 1.0       | 1.0       | 1.0       | 1.0       |
| 60        | 0.9068    | 10.0      | 0.7       | 3.315     | 3.0       | 1.0       |
=====================================================================================
Best parameters for label obscene: {'alpha': 0.45187360114562564, 'max_df': 0.7, 'min_df': 5, 'ngram_range': (1, 1)}
Optimizing for label: threat
|   iter    |  target   |   alpha   |  max_df   |  min_df   | ngram_... | ngram_... |
-------------------------------------------------------------------------------------
| 1         | 0.8269    | 3.752     | 0.9852    | 3.928     | 2.197     | 1.0       |
| 2         | 0.8788    | 1.568     | 0.7174    | 4.465     | 2.202     | 1.0       |
| 3         | 0.927     | 0.2156    | 0.991     | 4.33      | 1.425     | 1.0       |
| 4         | 0.8448    | 1.842     | 0.7913    | 3.099     | 1.864     | 1.0       |
| 5         | 0.7657    | 6.122     | 0.7418    | 2.169     | 1.733     | 1.0       |
| 6         | 0.7806    | 7.854     | 0.7599    | 3.057     | 2.185     | 1.0       |
| 7         | 0.7949    | 6.079     | 0.7512    | 1.26      | 2.898     | 1.0       |
| 8         | 0.7757    | 8.086     | 0.7914    | 1.391     | 2.368     | 1.0       |
| 9         | 0.8879    | 1.229     | 0.8486    | 1.138     | 2.819     | 1.0       |
| 10        | 0.7915    | 6.629     | 0.7935    | 3.08      | 2.093     | 1.0       |
| 11        | 0.9147    | 0.01998   | 0.9413    | 4.557     | 2.939     | 1.0       |
| 12        | 0.9054    | 0.01      | 1.0       | 1.0       | 1.0       | 1.0       |
| 13        | 0.9069    | 0.01      | 0.7       | 5.0       | 1.0       | 1.0       |
| 14        | 0.8984    | 0.01      | 1.0       | 2.308     | 3.0       | 1.0       |
| 15        | 0.9261    | 0.06472   | 0.726     | 3.279     | 1.131     | 1.0       |
| 16        | 0.9216    | 0.03955   | 0.7172    | 4.15      | 2.019     | 1.0       |
| 17        | 0.906     | 0.01      | 1.0       | 3.765     | 1.0       | 1.0       |
| 18        | 0.7438    | 10.0      | 1.0       | 5.0       | 1.0       | 1.0       |
| 19        | 0.9056    | 0.01      | 1.0       | 2.243     | 1.556     | 1.0       |
| 20        | 0.8497    | 1.703     | 0.7       | 1.0       | 1.0       | 1.0       |
| 21        | 0.8893    | 0.01      | 0.7       | 1.0       | 3.0       | 1.0       |
| 22        | 0.8686    | 1.361     | 1.0       | 5.0       | 1.0       | 1.0       |
| 23        | 0.9318    | 0.2765    | 0.988     | 4.968     | 2.052     | 1.0       |
| 24        | 0.8032    | 5.632     | 0.7       | 5.0       | 3.0       | 1.0       |
| 25        | 0.8318    | 3.17      | 1.0       | 1.0       | 3.0       | 1.0       |
| 26        | 0.9056    | 0.01      | 0.7       | 2.283     | 1.0       | 1.0       |
| 27        | 0.9094    | 0.8872    | 1.0       | 5.0       | 3.0       | 1.0       |
| 28        | 0.9292    | 0.3206    | 0.7057    | 3.149     | 2.076     | 1.0       |
| 29        | 0.9061    | 0.5578    | 0.7       | 3.611     | 1.478     | 1.0       |
| 30        | 0.9125    | 0.7482    | 1.0       | 3.515     | 3.0       | 1.0       |
| 31        | 0.9276    | 0.0912    | 0.9695    | 3.307     | 2.005     | 1.0       |
| 32        | 0.7393    | 10.0      | 1.0       | 1.0       | 1.0       | 1.0       |
| 33        | 0.9261    | 0.0691    | 0.7028    | 2.736     | 1.911     | 1.0       |
| 34        | 0.9062    | 0.01      | 0.7       | 3.347     | 3.0       | 1.0       |
| 35        | 0.9069    | 0.01      | 1.0       | 5.0       | 1.674     | 1.0       |
| 36        | 0.9214    | 0.5997    | 1.0       | 4.458     | 2.268     | 1.0       |
| 37        | 0.8899    | 1.152     | 0.7       | 2.482     | 3.0       | 1.0       |
| 38        | 0.9055    | 0.6378    | 0.7       | 5.0       | 1.956     | 1.0       |
| 39        | 0.85      | 2.665     | 1.0       | 5.0       | 3.0       | 1.0       |
| 40        | 0.9054    | 0.01      | 0.7       | 1.0       | 1.863     | 1.0       |
| 41        | 0.786     | 4.922     | 1.0       | 5.0       | 1.0       | 1.0       |
| 42        | 0.9326    | 0.1917    | 0.71      | 4.924     | 2.561     | 1.0       |
| 43        | 0.9087    | 0.01      | 1.0       | 5.0       | 2.609     | 1.0       |
| 44        | 0.9192    | 0.6554    | 0.7       | 4.327     | 3.0       | 1.0       |
| 45        | 0.7931    | 3.988     | 1.0       | 1.0       | 1.0       | 1.0       |
| 46        | 0.9147    | 0.02068   | 0.7024    | 3.275     | 1.672     | 1.0       |
| 47        | 0.8986    | 0.6748    | 1.0       | 2.793     | 1.0       | 1.0       |
| 48        | 0.7814    | 8.282     | 1.0       | 5.0       | 3.0       | 1.0       |
| 49        | 0.9178    | 0.5545    | 1.0       | 2.66      | 2.293     | 1.0       |
| 50        | 0.919     | 0.4436    | 0.7       | 1.816     | 2.235     | 1.0       |
| 51        | 0.8978    | 0.6841    | 0.9322    | 1.015     | 1.751     | 1.0       |
| 52        | 0.9306    | 0.2488    | 1.0       | 3.685     | 2.493     | 1.0       |
| 53        | 0.9302    | 0.1001    | 0.9441    | 4.516     | 2.146     | 1.0       |
| 54        | 0.9197    | 0.06607   | 0.7189    | 2.811     | 2.375     | 1.0       |
| 55        | 0.9162    | 0.401     | 0.7       | 4.377     | 1.0       | 1.0       |
| 56        | 0.9058    | 0.5527    | 0.7       | 2.446     | 1.717     | 1.0       |
| 57        | 0.9298    | 0.3832    | 0.7       | 5.0       | 3.0       | 1.0       |
| 58        | 0.9197    | 0.6049    | 0.994     | 3.587     | 2.215     | 1.0       |
| 59        | 0.8986    | 0.01      | 1.0       | 1.551     | 2.353     | 1.0       |
| 60        | 0.9318    | 0.2742    | 0.7       | 4.496     | 2.571     | 1.0       |
=====================================================================================
Best parameters for label threat: {'alpha': 0.19167368926195816, 'max_df': 0.7100206098404588, 'min_df': 4, 'ngram_range': (1, 2)}
Optimizing for label: insult
|   iter    |  target   |   alpha   |  max_df   |  min_df   | ngram_... | ngram_... |
-------------------------------------------------------------------------------------
| 1         | 0.9217    | 3.752     | 0.9852    | 3.928     | 2.197     | 1.0       |
| 2         | 0.9329    | 1.568     | 0.7174    | 4.465     | 2.202     | 1.0       |
| 3         | 0.9348    | 0.2156    | 0.991     | 4.33      | 1.425     | 1.0       |
| 4         | 0.9278    | 1.842     | 0.7913    | 3.099     | 1.864     | 1.0       |
| 5         | 0.8945    | 6.122     | 0.7418    | 2.169     | 1.733     | 1.0       |
| 6         | 0.9022    | 7.854     | 0.7599    | 3.057     | 2.185     | 1.0       |
| 7         | 0.9031    | 6.079     | 0.7512    | 1.26      | 2.898     | 1.0       |
| 8         | 0.8951    | 8.086     | 0.7914    | 1.391     | 2.368     | 1.0       |
| 9         | 0.9213    | 1.229     | 0.8486    | 1.138     | 2.819     | 1.0       |
| 10        | 0.9077    | 6.629     | 0.7935    | 3.08      | 2.093     | 1.0       |
| 11        | 0.9158    | 0.01      | 1.0       | 5.0       | 3.0       | 1.0       |
| 12        | 0.9304    | 1.8       | 1.0       | 5.0       | 1.0       | 1.0       |
| 13        | 0.9163    | 0.01      | 0.7       | 2.416     | 1.0       | 1.0       |
| 14        | 0.9174    | 0.01      | 0.7       | 5.0       | 1.0       | 1.0       |
| 15        | 0.9331    | 1.157     | 1.0       | 3.876     | 1.0       | 1.0       |
| 16        | 0.9302    | 0.4146    | 0.9731    | 3.524     | 2.444     | 1.0       |
| 17        | 0.9134    | 5.672     | 0.9578    | 4.98      | 2.922     | 1.0       |
| 18        | 0.9173    | 3.466     | 0.7       | 5.0       | 1.0       | 1.0       |
| 19        | 0.931     | 2.642     | 1.0       | 5.0       | 3.0       | 1.0       |
| 20        | 0.8784    | 10.0      | 1.0       | 5.0       | 1.0       | 1.0       |
| 21        | 0.9033    | 3.2       | 1.0       | 1.0       | 3.0       | 1.0       |
| 22        | 0.9258    | 2.122     | 1.0       | 3.683     | 3.0       | 1.0       |
| 23        | 0.9351    | 0.8924    | 0.9431    | 4.022     | 1.654     | 1.0       |
| 24        | 0.9244    | 2.279     | 1.0       | 4.366     | 1.791     | 1.0       |
| 25        | 0.9261    | 1.877     | 0.7       | 1.0       | 1.0       | 1.0       |
| 26        | 0.8923    | 0.01      | 0.7       | 1.974     | 3.0       | 1.0       |
| 27        | 0.9193    | 2.782     | 1.0       | 2.348     | 1.0       | 1.0       |
| 28        | 0.9252    | 3.816     | 0.7       | 5.0       | 3.0       | 1.0       |
| 29        | 0.9352    | 1.51      | 1.0       | 5.0       | 3.0       | 1.0       |
| 30        | 0.9167    | 0.01      | 1.0       | 3.685     | 1.0       | 1.0       |
| 31        | 0.936     | 0.9227    | 1.0       | 5.0       | 1.882     | 1.0       |
| 32        | 0.9337    | 0.7128    | 0.9648    | 1.011     | 1.056     | 1.0       |
| 33        | 0.9314    | 1.313     | 0.988     | 2.064     | 1.185     | 1.0       |
| 34        | 0.8997    | 6.001     | 0.7       | 5.0       | 1.0       | 1.0       |
| 35        | 0.8733    | 10.0      | 1.0       | 1.0       | 1.0       | 1.0       |
| 36        | 0.9338    | 0.8176    | 1.0       | 4.347     | 2.45      | 1.0       |
| 37        | 0.9308    | 1.247     | 1.0       | 1.0       | 1.738     | 1.0       |
| 38        | 0.9363    | 0.3947    | 0.7       | 4.376     | 1.935     | 1.0       |
| 39        | 0.9349    | 0.9204    | 0.9267    | 4.632     | 1.278     | 1.0       |
| 40        | 0.9146    | 4.639     | 0.7       | 3.451     | 3.0       | 1.0       |
| 41        | 0.9339    | 1.935     | 0.7       | 5.0       | 3.0       | 1.0       |
| 42        | 0.9346    | 1.69      | 1.0       | 5.0       | 2.341     | 1.0       |
| 43        | 0.9282    | 0.1849    | 0.9627    | 4.189     | 2.088     | 1.0       |
| 44        | 0.9284    | 1.062     | 0.7       | 3.694     | 3.0       | 1.0       |
| 45        | 0.9359    | 1.069     | 0.7       | 5.0       | 2.497     | 1.0       |
| 46        | 0.9056    | 7.802     | 1.0       | 5.0       | 3.0       | 1.0       |
| 47        | 0.9153    | 0.01      | 1.0       | 1.0       | 1.0       | 1.0       |
| 48        | 0.9293    | 1.656     | 0.7944    | 3.16      | 1.002     | 1.0       |
| 49        | 0.9346    | 0.9196    | 0.7       | 3.039     | 1.898     | 1.0       |
| 50        | 0.932     | 1.059     | 0.7       | 1.0       | 1.0       | 1.0       |
| 51        | 0.928     | 1.248     | 1.0       | 2.653     | 2.367     | 1.0       |
| 52        | 0.9363    | 0.6033    | 0.7       | 4.244     | 1.413     | 1.0       |
| 53        | 0.9314    | 1.153     | 1.0       | 1.323     | 1.0       | 1.0       |
| 54        | 0.9354    | 0.8345    | 0.7       | 4.64      | 1.858     | 1.0       |
| 55        | 0.9094    | 3.923     | 1.0       | 1.0       | 1.0       | 1.0       |
| 56        | 0.9321    | 0.8242    | 0.7819    | 3.675     | 2.211     | 1.0       |
| 57        | 0.9335    | 1.001     | 1.0       | 2.912     | 1.438     | 1.0       |
| 58        | 0.9335    | 1.011     | 0.7       | 2.115     | 1.669     | 1.0       |
| 59        | 0.9255    | 3.074     | 0.7       | 4.164     | 3.0       | 1.0       |
| 60        | 0.9328    | 1.626     | 0.8513    | 4.46      | 2.909     | 1.0       |
=====================================================================================
Best parameters for label insult: {'alpha': 0.39470274844235514, 'max_df': 0.7, 'min_df': 4, 'ngram_range': (1, 1)}
Optimizing for label: identity_hate
|   iter    |  target   |   alpha   |  max_df   |  min_df   | ngram_... | ngram_... |
-------------------------------------------------------------------------------------
| 1         | 0.8715    | 3.752     | 0.9852    | 3.928     | 2.197     | 1.0       |
| 2         | 0.9085    | 1.568     | 0.7174    | 4.465     | 2.202     | 1.0       |
| 3         | 0.9233    | 0.2156    | 0.991     | 4.33      | 1.425     | 1.0       |
| 4         | 0.8853    | 1.842     | 0.7913    | 3.099     | 1.864     | 1.0       |
| 5         | 0.8224    | 6.122     | 0.7418    | 2.169     | 1.733     | 1.0       |
| 6         | 0.8292    | 7.854     | 0.7599    | 3.057     | 2.185     | 1.0       |
| 7         | 0.8407    | 6.079     | 0.7512    | 1.26      | 2.898     | 1.0       |
| 8         | 0.8259    | 8.086     | 0.7914    | 1.391     | 2.368     | 1.0       |
| 9         | 0.9022    | 1.229     | 0.8486    | 1.138     | 2.819     | 1.0       |
| 10        | 0.8386    | 6.629     | 0.7935    | 3.08      | 2.093     | 1.0       |
| 11        | 0.8888    | 0.01      | 1.0       | 5.0       | 3.0       | 1.0       |
| 12        | 0.8877    | 0.01      | 1.0       | 1.0       | 1.0       | 1.0       |
| 13        | 0.9102    | 1.086     | 0.7       | 5.0       | 1.0       | 1.0       |
| 14        | 0.9091    | 0.1087    | 0.7588    | 2.626     | 2.991     | 1.0       |
| 15        | 0.9119    | 0.06472   | 0.726     | 3.279     | 1.131     | 1.0       |
| 16        | 0.8674    | 0.01      | 0.7       | 1.0       | 3.0       | 1.0       |
| 17        | 0.8776    | 2.812     | 0.8364    | 1.034     | 2.979     | 1.0       |
| 18        | 0.8029    | 10.0      | 1.0       | 5.0       | 1.0       | 1.0       |
| 19        | 0.8901    | 0.01      | 1.0       | 5.0       | 1.0       | 1.0       |
| 20        | 0.8874    | 0.01      | 1.0       | 3.628     | 2.246     | 1.0       |
| 21        | 0.9076    | 1.023     | 0.8764    | 3.951     | 1.041     | 1.0       |
| 22        | 0.8807    | 1.986     | 0.8581    | 1.04      | 1.023     | 1.0       |
| 23        | 0.8729    | 2.686     | 1.0       | 5.0       | 1.0       | 1.0       |
| 24        | 0.9097    | 1.296     | 0.9201    | 2.705     | 2.958     | 1.0       |
| 25        | 0.8935    | 2.328     | 1.0       | 5.0       | 3.0       | 1.0       |
| 26        | 0.9186    | 0.7425    | 0.7       | 5.0       | 1.945     | 1.0       |
| 27        | 0.8492    | 5.537     | 0.7833    | 4.958     | 2.894     | 1.0       |
| 28        | 0.9184    | 0.7074    | 0.7996    | 2.172     | 2.042     | 1.0       |
| 29        | 0.9174    | 0.6642    | 0.7       | 2.193     | 1.0       | 1.0       |
| 30        | 0.9128    | 0.8631    | 1.0       | 4.574     | 1.656     | 1.0       |
| 31        | 0.7972    | 10.0      | 1.0       | 1.0       | 1.0       | 1.0       |
| 32        | 0.9231    | 0.3942    | 0.7       | 4.283     | 1.433     | 1.0       |
| 33        | 0.9137    | 1.193     | 0.7       | 5.0       | 3.0       | 1.0       |
| 34        | 0.9108    | 0.9545    | 0.7       | 2.043     | 3.0       | 1.0       |
| 35        | 0.8889    | 0.01      | 1.0       | 2.282     | 1.0       | 1.0       |
| 36        | 0.9045    | 1.066     | 0.7175    | 1.561     | 1.484     | 1.0       |
| 37        | 0.9119    | 1.186     | 0.7       | 3.896     | 3.0       | 1.0       |
| 38        | 0.9141    | 0.8016    | 0.7       | 2.812     | 1.491     | 1.0       |
| 39        | 0.89      | 0.01      | 0.7       | 4.056     | 1.0       | 1.0       |
| 40        | 0.8436    | 4.026     | 1.0       | 1.0       | 1.0       | 1.0       |
| 41        | 0.8898    | 2.474     | 0.7       | 3.478     | 3.0       | 1.0       |
| 42        | 0.8299    | 5.897     | 1.0       | 5.0       | 1.0       | 1.0       |
| 43        | 0.9155    | 0.08301   | 0.7732    | 4.86      | 1.801     | 1.0       |
| 44        | 0.8992    | 1.323     | 0.7527    | 2.372     | 1.019     | 1.0       |
| 45        | 0.8275    | 8.174     | 1.0       | 5.0       | 3.0       | 1.0       |
| 46        | 0.8972    | 0.03772   | 0.7226    | 2.419     | 2.108     | 1.0       |
| 47        | 0.9197    | 0.5621    | 0.9711    | 3.826     | 1.462     | 1.0       |
| 48        | 0.9176    | 0.7731    | 0.7025    | 2.864     | 2.442     | 1.0       |
| 49        | 0.9229    | 0.6909    | 0.7028    | 4.145     | 2.031     | 1.0       |
| 50        | 0.9       | 1.376     | 1.0       | 1.934     | 2.378     | 1.0       |
| 51        | 0.9235    | 0.3645    | 0.7       | 4.432     | 1.904     | 1.0       |
| 52        | 0.9191    | 0.5885    | 0.7       | 3.073     | 1.0       | 1.0       |
| 53        | 0.8726    | 3.635     | 0.7       | 5.0       | 3.0       | 1.0       |
| 54        | 0.9146    | 0.6393    | 1.0       | 2.529     | 3.0       | 1.0       |
| 55        | 0.9231    | 0.5995    | 0.7009    | 3.014     | 2.991     | 1.0       |
| 56        | 0.9231    | 0.397     | 0.9486    | 4.403     | 1.722     | 1.0       |
| 57        | 0.922     | 0.4444    | 0.7       | 3.906     | 1.679     | 1.0       |
| 58        | 0.9197    | 0.9245    | 0.7215    | 4.586     | 2.428     | 1.0       |
| 59        | 0.9167    | 0.7081    | 0.7       | 4.337     | 1.661     | 1.0       |
| 60        | 0.8643    | 4.016     | 0.7       | 2.627     | 3.0       | 1.0       |
=====================================================================================
Best parameters for label identity_hate: {'alpha': 0.36450987810825203, 'max_df': 0.7, 'min_df': 4, 'ngram_range': (1, 1)}

##########################################################################################################################